2.040816326530614511e-02
8.127157174234178605e-03
4.051482401404293832e-03
4.051482401404515876e-03
8.127157174234067583e-03
2.040816326530589878e-02
8.127157174234178605e-03
4.051482401404182809e-03
4.051482401404737921e-03
8.127157174233956560e-03
2.040816326530565591e-02
8.127157174234289627e-03
4.051482401403960765e-03
4.051482401404959965e-03
8.127157174233956560e-03
2.040816326530540958e-02
8.127157174234400649e-03
4.051482401403738720e-03
4.051482401405070988e-03
8.127157174233845538e-03
2.040816326530516672e-02
8.127157174234400649e-03
4.051482401403516675e-03
4.051482401405293032e-03
8.127157174233734516e-03
